function [ palette ] = getColorPalette()
%GETCOLORPALETTE Diverging color palette by ColorBrewer
palette = [...
    0.1765         0    0.2941; ...
    0.2039    0.0196    0.3412; ...
    0.2275    0.0431    0.3882; ...
    0.2549    0.0667    0.4314; ...
    0.2784    0.0941    0.4706; ...
    0.3059    0.1216    0.5020; ...
    0.3294    0.1529    0.5333; ...
    0.3529    0.1882    0.5569; ...
    0.3765    0.2275    0.5804; ...
    0.4000    0.2706    0.6000; ...
    0.4235    0.3176    0.6157; ...
    0.4510    0.3647    0.6353; ...
    0.4745    0.4078    0.6549; ...
    0.5020    0.4510    0.6745; ...
    0.5333    0.4902    0.6980; ...
    0.5647    0.5294    0.7255; ...
    0.6000    0.5647    0.7490; ...
    0.6353    0.6000    0.7765; ...
    0.6667    0.6353    0.8000; ...
    0.6980    0.6706    0.8235; ...
    0.7255    0.7059    0.8431; ...
    0.7529    0.7373    0.8627; ...
    0.7765    0.7686    0.8784; ...
    0.8000    0.8000    0.8941; ...
    0.8235    0.8314    0.9098; ...
    0.8471    0.8549    0.9216; ...
    0.8706    0.8784    0.9333; ...
    0.8941    0.9059    0.9451; ...
    0.9176    0.9294    0.9529; ...
    0.9412    0.9490    0.9608; ...
    0.9569    0.9647    0.9647; ...
    0.9686    0.9686    0.9686; ...
    0.9765    0.9647    0.9608; ...
    0.9804    0.9569    0.9373; ...
    0.9843    0.9451    0.9020; ...
    0.9882    0.9294    0.8588; ...
    0.9922    0.9137    0.8078; ...
    0.9961    0.8980    0.7608; ...
    0.9961    0.8784    0.7137; ...
    0.9961    0.8588    0.6667; ...
    0.9961    0.8353    0.6157; ...
    0.9961    0.8078    0.5569; ...
    0.9961    0.7804    0.5020; ...
    0.9922    0.7529    0.4431; ...
    0.9922    0.7216    0.3882; ...
    0.9843    0.6902    0.3294; ...
    0.9725    0.6510    0.2667; ...
    0.9490    0.6157    0.2039; ...
    0.9255    0.5765    0.1490; ...
    0.9020    0.5412    0.1020; ...
    0.8784    0.5098    0.0784; ...
    0.8549    0.4824    0.0667; ...
    0.8314    0.4549    0.0549; ...
    0.8078    0.4314    0.0431; ...
    0.7843    0.4078    0.0353; ...
    0.7569    0.3882    0.0275; ...
    0.7294    0.3647    0.0235; ...
    0.7020    0.3451    0.0235; ...
    0.6706    0.3255    0.0235; ...
    0.6392    0.3059    0.0235; ...
    0.6078    0.2863    0.0235; ...
    0.5725    0.2667    0.0275; ...
    0.5373    0.2471    0.0275; ...
    0.4980    0.2314    0.0314; ...
];


